100
4 2
5 2
6 2
1000 1000
1000 1
500000 217416
384563 292182
500000 131072
544724 510050
857384 806050
999999 499999
474551 409597
396851 382967
2 2
365857 299868
1000000 524288
898857 880757
999999 499998
1000000 500000
500000 499999
999999 475711
921647 751405
1000000 1
1000000 475712
1000000 262143
5 1
3 2
354015 282432
369404 286810
500000 127
3 1
500000 249999
401462 377485
1000000 262144
439301 423545
707847 596272
500000 249998
1000000 524287
500000 128
999999 262143
504422 446377
998403 915228
999999 462097
1000000 523957
1000000 1000000
999999 475712
500000 262143
999999 128
999999 999998
780240 639607
999999 512063
999999 499997
349117 304205
851573 672789
1000000 303085
500000 237856
2 1
999999 1
749430 648871
999999 524288
513637 461310
500000 262144
1000000 999999
999999 262144
500000 1
1000000 128
528951 485021
715897 646014
900392 812017
556315 551566
500000 2
574450 439936
593212 565641
500000 250000
1000000 127
418857 315777
1000000 475713
796405 721797
915895 735002
999999 127
876397 820660
889734 782807
500000 250818
500000 500000
1000000 499998
1 1
500000 237857
999999 2
596341 471056
1000000 499999
999999 999999
500000 131071
804411 639900
513292 404224
4 1
1000000 2
999999 524287
315672 315400
766218 663313
346065 287179
