100
4 2
5 2
6 2
1000 1000
1000 1
937913 707873
500000 131071
3 1
1000000 524288
383330 367069
999999 475711
999999 999998
999999 2
985373 764281
500000 249999
499804 446250
500000 499999
814561 733551
1000000 127
500000 132966
505293 501762
500000 249998
1000000 499998
773194 734269
2 1
496964 443633
924520 693534
999999 499998
480856 396450
831596 736634
274622 222581
1000000 475712
999999 313659
1000000 288756
999999 499997
500000 237856
1000000 128
999999 127
1000000 999999
999999 506845
1000000 1
999999 475712
1000000 1000000
1000000 499999
972256 825267
999999 999999
297011 259060
938704 790801
653467 511187
1000000 262144
999999 499999
775441 663584
999999 524288
1000000 475713
500000 131072
999999 128
500000 2
999999 262143
855980 742726
861427 722186
288032 220111
1000000 500000
1000000 2
5 1
500000 250149
450295 364771
1000000 262143
662961 616909
500000 237857
999999 1
792377 658345
500000 128
409551 317037
500000 500000
1000000 487736
4 1
2 2
597890 521134
403302 393319
406318 376151
999999 524287
514653 445108
500000 262144
1 1
624558 510690
300527 234194
991158 917449
500000 1
500000 262143
1000000 524287
500000 250000
500000 127
427656 373013
533417 498182
423572 393519
772468 767707
999999 262144
514382 487153
651477 583393
3 2
