100
4 2
5 2
6 2
1000 1000
1000 1
601 598
452 442
1000 495
785 652
999 999
1000 488
565 430
999 127
999 1
500 256
676 643
3 2
615 572
1000 499
500 255
593 489
934 857
500 500
500 248
500 1
838 820
1000 128
1000 498
999 128
429 346
500 131
1 1
1000 255
999 255
1000 512
500 116
1000 511
999 511
500 250
655 534
430 405
1000 489
999 312
799 749
292 234
491 396
775 615
684 573
999 998
699 583
500 89
500 244
1000 285
976 901
1000 500
1000 2
613 491
514 509
999 503
923 816
250 210
326 249
999 487
500 128
999 488
789 689
870 724
264 244
1000 256
545 481
500 2
978 741
676 644
526 411
999 256
3 1
337 311
500 251
4 1
2 2
5 1
846 824
615 545
500 245
2 1
1000 999
774 648
1000 127
500 127
999 499
999 2
472 470
999 498
500 117
999 497
322 257
346 264
500 249
999 512
500 499
